3 of 10 heavy fake coins
 T1: ((0, 1, 2), (3, 4, 5))
  L:  ((0, 1, 2), (0, 1, 3), (0, 1, 4), (0, 1, 5), (0, 1, 6), (0, 1, 7), (0, 1, 8), (0, 1, 9), (0, 2, 3), (0, 2, 4), (0, 2, 5), (0, 2, 6), (0, 2, 7), (0, 2, 8), (0, 2, 9), (0, 6, 7), (0, 6, 8), (0, 6, 9), (0, 7, 8), (0, 7, 9), (0, 8, 9), (1, 2, 3), (1, 2, 4), (1, 2, 5), (1, 2, 6), (1, 2, 7), (1, 2, 8), (1, 2, 9), (1, 6, 7), (1, 6, 8), (1, 6, 9), (1, 7, 8), (1, 7, 9), (1, 8, 9), (2, 6, 7), (2, 6, 8), (2, 6, 9), (2, 7, 8), (2, 7, 9), (2, 8, 9))
  R:  ((0, 3, 4), (0, 3, 5), (0, 4, 5), (1, 3, 4), (1, 3, 5), (1, 4, 5), (2, 3, 4), (2, 3, 5), (2, 4, 5), (3, 4, 5), (3, 4, 6), (3, 4, 7), (3, 4, 8), (3, 4, 9), (3, 5, 6), (3, 5, 7), (3, 5, 8), (3, 5, 9), (3, 6, 7), (3, 6, 8), (3, 6, 9), (3, 7, 8), (3, 7, 9), (3, 8, 9), (4, 5, 6), (4, 5, 7), (4, 5, 8), (4, 5, 9), (4, 6, 7), (4, 6, 8), (4, 6, 9), (4, 7, 8), (4, 7, 9), (4, 8, 9), (5, 6, 7), (5, 6, 8), (5, 6, 9), (5, 7, 8), (5, 7, 9), (5, 8, 9))
  E:  ((0, 3, 6), (0, 3, 7), (0, 3, 8), (0, 3, 9), (0, 4, 6), (0, 4, 7), (0, 4, 8), (0, 4, 9), (0, 5, 6), (0, 5, 7), (0, 5, 8), (0, 5, 9), (1, 3, 6), (1, 3, 7), (1, 3, 8), (1, 3, 9), (1, 4, 6), (1, 4, 7), (1, 4, 8), (1, 4, 9), (1, 5, 6), (1, 5, 7), (1, 5, 8), (1, 5, 9), (2, 3, 6), (2, 3, 7), (2, 3, 8), (2, 3, 9), (2, 4, 6), (2, 4, 7), (2, 4, 8), (2, 4, 9), (2, 5, 6), (2, 5, 7), (2, 5, 8), (2, 5, 9), (6, 7, 8), (6, 7, 9), (6, 8, 9), (7, 8, 9))
  When one side goes down, there are one to three of those three cards.
  Compare our two cards.
  T2L: ((0,), (1,))
  　When the tilt, those two cards are fixed.
   LL:  ((0, 2, 3), (0, 2, 4), (0, 2, 5), (0, 2, 6), (0, 2, 7), (0, 2, 8), (0, 2, 9), (0, 6, 7), (0, 6, 8), (0, 6, 9), (0, 7, 8), (0, 7, 9), (0, 8, 9))
   LR:  ((1, 2, 3), (1, 2, 4), (1, 2, 5), (1, 2, 6), (1, 2, 7), (1, 2, 8), (1, 2, 9), (1, 6, 7), (1, 6, 8), (1, 6, 9), (1, 7, 8), (1, 7, 9), (1, 8, 9))
   LE:  ((0, 1, 2), (0, 1, 3), (0, 1, 4), (0, 1, 5), (0, 1, 6), (0, 1, 7), (0, 1, 8), (0, 1, 9), (2, 6, 7), (2, 6, 8), (2, 6, 9), (2, 7, 8), (2, 7, 9), (2, 8, 9))
   T3LL: ((3, 6), (4, 7))
    LLL:  ((0, 2, 3), (0, 2, 6), (0, 6, 8), (0, 6, 9))
    LLR:  ((0, 2, 4), (0, 2, 7), (0, 7, 8), (0, 7, 9))
    LLE:  ((0, 2, 5), (0, 2, 8), (0, 2, 9), (0, 6, 7), (0, 8, 9))
    T4LLL: ((2,), (6,))
     LLLL:  ((0, 2, 3),)
     LLLR:  ((0, 6, 8), (0, 6, 9))
     LLLE:  ((0, 2, 6),)
    T4LLE: ((2,), (8,))
     LLEL:  ((0, 2, 5), (0, 2, 9))
     LLER:  ((0, 8, 9),)
     LLEE:  ((0, 2, 8), (0, 6, 7))
    T4LLR: ((2,), (7,))
     LLRL:  ((0, 2, 4),)
     LLRR:  ((0, 7, 8), (0, 7, 9))
     LLRE:  ((0, 2, 7),)
   T3LE: ((0, 3, 4), (5, 6, 7))
    LEL:  ((0, 1, 2), (0, 1, 3), (0, 1, 4), (0, 1, 8), (0, 1, 9))
    LER:  ((2, 6, 7), (2, 6, 8), (2, 6, 9), (2, 7, 8), (2, 7, 9))
    LEE:  ((0, 1, 5), (0, 1, 6), (0, 1, 7), (2, 8, 9))
    T4LEL: ((2, 3), (4, 5))
     LELL:  ((0, 1, 2), (0, 1, 3))
     LELR:  ((0, 1, 4),)
     LELE:  ((0, 1, 8), (0, 1, 9))
    T4LER: ((6,), (7,))
     LERL:  ((2, 6, 8), (2, 6, 9))
     LERR:  ((2, 7, 8), (2, 7, 9))
     LERE:  ((2, 6, 7),)
    T4LEE: ((2,), (5,))
     LEEL:  ((2, 8, 9),)
     LEER:  ((0, 1, 5),)
     LEEE:  ((0, 1, 6), (0, 1, 7))

  T2E: ((0, 3), (1, 6))
   EL:  ((0, 3, 6), (0, 3, 7), (0, 3, 8), (0, 3, 9), (0, 4, 7), (0, 4, 8), (0, 4, 9), (0, 5, 7), (0, 5, 8), (0, 5, 9), (2, 3, 7), (2, 3, 8), (2, 3, 9))
   ER:  ((1, 3, 6), (1, 4, 6), (1, 4, 7), (1, 4, 8), (1, 4, 9), (1, 5, 6), (1, 5, 7), (1, 5, 8), (1, 5, 9), (2, 4, 6), (2, 5, 6), (6, 7, 8), (6, 7, 9), (6, 8, 9))
   EE:  ((0, 4, 6), (0, 5, 6), (1, 3, 7), (1, 3, 8), (1, 3, 9), (2, 3, 6), (2, 4, 7), (2, 4, 8), (2, 4, 9), (2, 5, 7), (2, 5, 8), (2, 5, 9), (7, 8, 9))
   T3EL: ((7,), (8,))
    ELL:  ((0, 3, 7), (0, 4, 7), (0, 5, 7), (2, 3, 7))
    ELR:  ((0, 3, 8), (0, 4, 8), (0, 5, 8), (2, 3, 8))
    ELE:  ((0, 3, 6), (0, 3, 9), (0, 4, 9), (0, 5, 9), (2, 3, 9))
   T3ER: ((4,), (5,))
    ERL:  ((1, 4, 6), (1, 4, 7), (1, 4, 8), (1, 4, 9), (2, 4, 6))
    ERR:  ((1, 5, 6), (1, 5, 7), (1, 5, 8), (1, 5, 9), (2, 5, 6))
    ERE:  ((1, 3, 6), (6, 7, 8), (6, 7, 9), (6, 8, 9))
   T3EE: ((3,), (4,))
    EEL:  ((1, 3, 7), (1, 3, 8), (1, 3, 9), (2, 3, 6))
    EER:  ((0, 4, 6), (2, 4, 7), (2, 4, 8), (2, 4, 9))
    EEE:  ((0, 5, 6), (2, 5, 7), (2, 5, 8), (2, 5, 9), (7, 8, 9))

